              precision    recall  f1-score   support

        1230       1.00      1.00      1.00         2
        1250       1.00      1.00      1.00         6
      249481       1.00      1.00      1.00        29
      249482       1.00      1.00      1.00         5
        3140       1.00      1.00      1.00       514
        6990       1.00      1.00      1.00         1
        8931       1.00      1.00      1.00         1
        8932       1.00      1.00      1.00         6
        8933       1.00      1.00      1.00         6
        8935       1.00      1.00      1.00        11
        8937       1.00      1.00      1.00         1
        8941       1.00      1.00      1.00         2
        8943       1.00      1.00      1.00         1
        8951       1.00      1.00      1.00         3
        8962       1.00      1.00      1.00         1
        8965       1.00      1.00      1.00         1
        8967       1.00      1.00      1.00         8
        8968       1.00      1.00      1.00       241
        8969       1.00      1.00      1.00         9
        8970       1.00      1.00      1.00         5
        8971       1.00      1.00      1.00         9
        8973       1.00      1.00      1.00        41
        8974       1.00      1.00      1.00        71
        8975       1.00      1.00      1.00       119
        8978       1.00      1.00      1.00        22
        8979       1.00      1.00      1.00       149
        8981       1.00      1.00      1.00        11
        8986       1.00      1.00      1.00        48
        8987       1.00      1.00      1.00        18
        8989       1.00      1.00      1.00       750
        8991       1.00      1.00      1.00       157
        8992       1.00      1.00      1.00         2
        8993       1.00      1.00      1.00        46
        8994       1.00      1.00      1.00       248
        8995       1.00      1.00      1.00        60
        8996       1.00      1.00      1.00       136
        8997       1.00      1.00      1.00       398
        8998       1.00      1.00      1.00       366
        8999       1.00      1.00      1.00       183
        9002       1.00      1.00      1.00       195
        9004       1.00      1.00      1.00        38
        9006       1.00      1.00      1.00        74
        9007       1.00      1.00      1.00       316
        9012       1.00      1.00      1.00       529
        9013       1.00      1.00      1.00        13
        9014       1.00      1.00      1.00        18
        9016       1.00      1.00      1.00       109
        9020       1.00      1.00      1.00        21

    accuracy                           1.00      5000
   macro avg       1.00      1.00      1.00      5000
weighted avg       1.00      1.00      1.00      5000
